<?xml version="1.0"?>
<opencv_storage>
<H13 type_id="opencv-matrix">
  <rows>3</rows>
  <cols>3</cols>
  <dt>d</dt>
  <data>
	7.6285898 -2.9922929   2.2567123
	3.3443473   1.0143901  -7.6999973
	3.4663091  -1.4364524   1.0000000
</data></H13>
</opencv_storage>
